{"CalibrationInformation":{"Cameras":[{"Intrinsics":{"ModelParameterCount":14,"ModelParameters":[0.50578582286834717,0.5017085075378418,0.49213549494743347,0.49232050776481628,4.6927175521850586,2.5966098308563232,0.11286833137273788,5.0242037773132324,4.1352334022521973,0.64897692203521729,0,0,5.0322210881859064E-5,-6.6572570176504087E-6],"ModelType":"CALIBRATION_LensDistortionModelBrownConrady"},"Location":"CALIBRATION_CameraLocationD0","Purpose":"CALIBRATION_CameraPurposeDepth","MetricRadius":1.7399997711181641,"Rt":{"Rotation":[1,0,0,0,1,0,0,0,1],"Translation":[0,0,0]},"SensorHeight":1024,"SensorWidth":1024,"Shutter":"CALIBRATION_ShutterTypeUndefined","ThermalAdjustmentParams":{"Params":[0,0,0,0,0,0,0,0,0,0,0,0]}},{"Intrinsics":{"ModelParameterCount":14,"ModelParameters":[0.500499427318573,0.50908887386322021,0.4751451313495636,0.63341009616851807,0.12101484090089798,-2.2378702163696289,1.3940478563308716,0.0084119075909256935,-2.0602812767028809,1.3164830207824707,0,0,-0.00017444614786654711,0.00061225204262882471],"ModelType":"CALIBRATION_LensDistortionModelBrownConrady"},"Location":"CALIBRATION_CameraLocationPV0","Purpose":"CALIBRATION_CameraPurposePhotoVideo","MetricRadius":0,"Rt":{"Rotation":[0.99999886751174927,-0.0007175373611971736,-0.0013307591434568167,0.00084868207341060042,0.99485319852828979,0.1013231948018074,0.0012512068497017026,-0.10132420808076859,0.99485266208648682],"Translation":[-0.032050568610429764,-0.0019919686019420624,0.0039960555732250214]},"SensorHeight":3072,"SensorWidth":4096,"Shutter":"CALIBRATION_ShutterTypeUndefined","ThermalAdjustmentParams":{"Params":[0,0,0,0,0,0,0,0,0,0,0,0]}}],"InertialSensors":[{"BiasTemperatureModel":[-0.014161054976284504,0,0,0,0.024699773639440536,0,0,0,0.01270169485360384,0,0,0],"BiasUncertainty":[9.9999997473787516E-5,9.9999997473787516E-5,9.9999997473787516E-5],"Id":"CALIBRATION_InertialSensorId_LSM6DSM","MixingMatrixTemperatureModel":[1.0056151151657104,0,0,0,-0.0015317746438086033,0,0,0,-0.0036176822613924742,0,0,0,-0.001529592671431601,0,0,0,1.0070410966873169,0,0,0,-0.0021971608512103558,0,0,0,-0.0036759399808943272,0,0,0,-0.0022357276175171137,0,0,0,0.98968034982681274,0,0,0],"ModelTypeMask":16,"Noise":[0.00095000001601874828,0.00095000001601874828,0.00095000001601874828,0,0,0],"Rt":{"Rotation":[0.0075447787530720234,0.11245912313461304,-0.99362772703170776,-0.99996858835220337,0.0032591503113508224,-0.007224054541438818,0.002425971208140254,0.99365103244781494,0.11248018592596054],"Translation":[0,0,0]},"SecondOrderScaling":[0,0,0,0,0,0,0,0,0],"SensorType":"CALIBRATION_InertialSensorType_Gyro","TemperatureBounds":[5,60],"TemperatureC":0},{"BiasTemperatureModel":[0.027604123577475548,0,0,0,0.067116022109985352,0,0,0,-0.1898636519908905,0,0,0],"BiasUncertainty":[0.0099999997764825821,0.0099999997764825821,0.0099999997764825821],"Id":"CALIBRATION_InertialSensorId_LSM6DSM","MixingMatrixTemperatureModel":[1.0014183521270752,0,0,0,-0.00037482747575268149,0,0,0,-0.0024678753688931465,0,0,0,-0.00037630775477737188,0,0,0,0.99747467041015625,0,0,0,0.0012927658390253782,0,0,0,-0.0024707876145839691,0,0,0,0.0012892000377178192,0,0,0,1.0002394914627075,0,0,0],"ModelTypeMask":56,"Noise":[0.010700000450015068,0.010700000450015068,0.010700000450015068,0,0,0],"Rt":{"Rotation":[0.0029747243970632553,0.10816633701324463,-0.99412834644317627,-0.99998879432678223,0.0039906068705022335,-0.002558061620220542,0.0036904793232679367,0.99412477016448975,0.10817699879407883],"Translation":[-0.050866689532995224,0.0034487335942685604,0.00088236742885783315]},"SecondOrderScaling":[0,0,0,0,0,0,0,0,0],"SensorType":"CALIBRATION_InertialSensorType_Accelerometer","TemperatureBounds":[5,60],"TemperatureC":0}],"Metadata":{"SerialId":"000774310512","FactoryCalDate":"2/5/2021 11:01:21 AM GMT","Version":{"Major":1,"Minor":2},"DeviceName":"AzureKinect-PV","Notes":"PV0_max_radius_invalid"}}}